100 100
0000000000000000000000000000000000000000000000000000000000000000000000000000000000000000000000000000
0000000000000000000000000000000000000000000000000000000000000000000000000000000000000000000000000000
0000000000000000000000000000000000000000000000000000000000000000000000000000000000000000000000000000
0000000000000000000000000000000000000000000000000000000000000000000000000000000000000000000000000000
0000000000000000000000000000000000000000000000000000000000000000000000000000000000000000000000000000
0000000000000000000000000000000000000000000000000000000000000000000000000000000000000000000000000000
0000000000000000000000000000000000000000000000000000000000000000000000000000000000000000000000000000
0000000000000000000000000000000000000000000000000000000000000000000000000000000000000000000000000000
0000000000000000000000000000000000000000000000000000000000000000000000000000000000000000000000000000
0000000000000000000000000000000000000000000000000000000000000000000000000000000000000000000000000000
0000000000111111111111111111111111111111111111111111111111111111111111111111111110000000000000000000
0000000000100000000000000000000000000000000000000000000000000000000000000000000010000000000000000000
0000000000100000000000000000000000000000000000000000000000000000000000000000000010000000000000000000
0000000000100000000000000000000000000000000000000000000000000000000000000000000010000000000000000000
0000000000100000000000000000000000000000000000000000000000000000000000000000000010000000000000000000
0000000000100000000000000000000000000000000000000000000000000000000000000000000010000000000000000000
0000000000100000000000000000000000000000000000000000000000000000000000000000000010000000000000000000
0000000000100000000000000000000000000000000000000000000000000000000000000000000010000000000000000000
0000000000100000000000000000000000000000000000000000000000000000000000000000000010000000000000000000
0000000000100000000000000000000000000000000000000000000000000000000000000000000010000000000000000000
0000000000100000000000000000000000000000000000000000000000000000000000000000000010000000000000000000
0000000000100000000000000000000000000000000000000000000000000000000000000000000010000000000000000000
0000000000100000000000000000000000000000000000000000000000000000000000000000000010000000000000000000
0000000000100000000000000000000000000000000000000000000000000000000000000000000010000000000000000000
0000000000100000000000000000000000000000000000000000000000000000000000000000000010000000000000000000
0000000000100000000000000000000000000000000000000000000000000000000000000000000010000000000000000000
0000000000100000000000000000000000000000000000000000000000000000000000000000000010000000000000000000
0000000000100000000000000000000000000000000000000000000000000000000000000000000010000000000000000000
0000000000100000000000000000000000000000000000000000000000000000000000000000000010000000000000000000
0000000000100000000000000000000000000000000000000000000000000000000000000000000010000000000000000000
0000000000100000000000000000000000000000000000000000000000000000000000000000000010000000000000000000
0000000000100000000000000000000000000000000000000000000000000000000000000000000010000000000000000000
0000000000100000000000000000000000000000000000000000000000000000000000000000000010000000000000000000
0000000000100000000000000000000000000000000000000000000000000000000000000000000010000000000000000000
0000000000100000000000000000000000000000000000000000000000000000000000000000000010000000000000000000
0000000000100000000000000000000000000000000000000000000000000000000000000000000010000000000000000000
0000000000100000000000000000000000000000000000000000000000000000000000000000000010000000000000000000
0000000000100000000000000000000000000000000000000000000000000000000000000000000010000000000000000000
0000000000100000000000000000000000000000000000000000000000000000000000000000000010000000000000000000
0000000000100000000000000000000000000000000000000000000000000000000000000000000010000000000000000000
0000000000100000000000000000000000000000000000000000000000000000000000000000000010000000000000000000
0000000000100000000000000000000000000000000000000000000000000000000000000000000010000000000000000000
0000000000100000000000000000000000000000000000000000000000000000000000000000000010000000000000000000
0000000000100000000000000000000000000000000000000000000000000000000000000000000010000000000000000000
0000000000100000000000000000000000000000000000000000000000000000000000000000000010000000000000000000
0000000000100000000000000000000000000000000000000000000000000000000000000000000010000000000000000000
0000000000100000000000000000000000000000000000000000000000000000000000000000000010000000000000000000
0000000000100000000000000000000000000000000000000000000000000000000000000000000010000000000000000000
0000000000100000000000000000000000000000000000000000000000000000000000000000000010000000000000000000
0000000000100000000000000000000000000000000000000000000000000000000000000000000010000000000000000000
0000000000100000000000000000000000000000000000000000000000000000000000000000000010000000000000000000
0000000000100000000000000000000000000000000000000000000000000000000000000000000010000000000000000000
0000000000100000000000000000000000000000000000000000000000000000000000000000000010000000000000000000
0000000000100000000000000000000000000000000000000000000000000000000000000000000010000000000000000000
0000000000100000000000000000000000000000000000000000000000000000000000000000000010000000000000000000
0000000000100000000000000000000000000000000000000000000000000000000000000000000010000000000000000000
0000000000100000000000000000000000000000000000000000000000000000000000000000000010000000000000000000
0000000000100000000000000000000000000000000000000000000000000000000000000000000010000000000000000000
0000000000100000000000000000000000000000000000000000000000000000000000000000000010000000000000000000
0000000000100000000000000000000000000000000000000000000000000000000000000000000010000000000000000000
0000000000100000000000000000000000000000000000000000000000000000000000000000000010000000000000000000
0000000000100000000000000000000000000000000000000000000000000000000000000000000010000000000000000000
0000000000100000000000000000000000000000000000000000000000000000000000000000000010000000000000000000
0000000000100000000000000000000000000000000000000000000000000000000000000000000010000000000000000000
0000000000100000000000000000000000000000000000000000000000000000000000000000000010000000000000000000
0000000000100000000000000000000000000000000000000000000000000000000000000000000010000000000000000000
0000000000100000000000000000000000000000000000000000000000000000000000000000000010000000000000000000
0000000000100000000000000000000000000000000000000000000000000000000000000000000010000000000000000000
0000000000100000000000000000000000000000000000000000000000000000000000000000000010000000000000000000
0000000000100000000000000000000000000000000000000000000000000000000000000000000010000000000000000000
0000000000100000000000000000000000000000000000000000000000000000000000000000000010000000000000000000
0000000000100000000000000000000000000000000000000000000000000000000000000000000010000000000000000000
0000000000100000000000000000000000000000000000000000000000000000000000000000000010000000000000000000
0000000000100000000000000000000000000000000000000000000000000000000000000000000010000000000000000000
0000000000100000000000000000000000000000000000000000000000000000000000000000000010000000000000000000
0000000000100000000000000000000000000000000000000000000000000000000000000000000010000000000000000000
0000000000100000000000000000000000000000000000000000000000000000000000000000000010000000000000000000
0000000000100000000000000000000000000000000000000000000000000000000000000000000010000000000000000000
0000000000100000000000000000000000000000000000000000000000000000000000000000000010000000000000000000
0000000000100000000000000000000000000000000000000000000000000000000000000000000010000000000000000000
0000000000111111111111111111111111111111111111111111111111111111111111111111111110000000000000000000
0000000000000000000000000000000000000000000000000000000000000000000000000000000000000000000000000000
0000000000000000000000000000000000000000000000000000000000000000000000000000000000000000000000000000
0000000000000000000000000000000000000000000000000000000000000000000000000000000000000000000000000000
0000000000000000000000000000000000000000000000000000000000000000000000000000000000000000000000000000
0000000000000000000000000000000000000000000000000000000000000000000000000000000000000000000000000000
0000000000000000000000000000000000000000000000000000000000000000000000000000000000000000000000000000
0000000000000000000000000000000000000000000000000000000000000000000000000000000000000000000000000000
0000000000000000000000000000000000000000000000000000000000000000000000000000000000000000000000000000
0000000000000000000000000000000000000000000000000000000000000000000000000000000000000000000000000000
0000000000000000000000000000000000000000000000000000000000000000000000000000000000000000000000000000
0000000000000000000000000000000000000000000000000000000000000000000000000000000000000000000000000000
0000000000000000000000000000000000000000000000000000000000000000000000000000000000000000000000000000
0000000000000000000000000000000000000000000000000000000000000000000000000000000000000000000000000000
0000000000000000000000000000000000000000000000000000000000000000000000000000000000000000000000000000
0000000000000000000000000000000000000000000000000000000000000000000000000000000000000000000000000000
0000000000000000000000000000000000000000000000000000000000000000000000000000000000000000000000000000
0000000000000000000000000000000000000000000000000000000000000000000000000000000000000000000000000000
0000000000000000000000000000000000000000000000000000000000000000000000000000000000000000000000000000
0000000000000000000000000000000000000000000000000000000000000000000000000000000000000000000000000000
